 +24.22   +0.29 +7493507785220374498315096392039032880050021598444858004887044995394802500017340954681430572488824118230400876491572389792695877768072375399913640450609405059433993082793620166153508553190014225787190551575769715540329383714690243411827884410114701246615036887040000.00
 +24.20   +0.30   +1.15
 +24.20   +0.30   +1.15
 +24.21   +0.28   +1.14
 +24.20   +0.28   +1.14
 +24.18   +0.28   +1.14
 +24.18   +0.27   +1.14
 +24.17   +0.29   +1.14
 +24.14   +0.29   +1.14
 +24.14   +0.28   +1.13
